_G.WaitWaitWait=false;_G.AutoRebirthMS=false;_G.AutoSliceMS=false;_G.AutosellMS=false;_G.TptoNearest=false;print("UI made by ShowerHeadFD / https://v3rmillion.net/member.php?action=profile&uid=1591342 ")local a=loadstring(game:HttpGet("https://fluxteam.xyz/scripts/others/ShowerHeadLibrary.lua"))()local b=a:CreateWindow("F")local c=b:Section("Menu")c:AddLabel("Script by MSDOS#8293")c:AddToggle("Activate script",function(d)if d==true then _G.WaitWaitWait=true else _G.WaitWaitWait=false end end)c:AddToggle("Auto Rebirth",function(e)if e==true then _G.AutoRebirthMS=true else _G.AutoRebirthMS=false end end)c:AddBox("Number: ",function(f)_G.RebirthValue=tonumber(f)game.StarterGui:SetCore("SendNotification",{Title="Rebirth",Text="Rebirth set to: "..tostring(f),Duration=3})end)_G.RebirthValue=10;c:AddToggle("Fast Slice",function(g)if g==true then _G.AutoSliceMS=true else _G.AutoSliceMS=false end end)c:AddToggle("Auto Sell",function(h)if h==true then _G.AutosellMS=true else _G.AutosellMS=false end end)c:AddToggle("Farm Nearest",function(i)if i==true then _G.TptoNearest=true else _G.TptoNearest=false end end)c:AddButton("Destroy GUI",function()a:Destroy()end)c:AddBind("Close Keybind",Enum.KeyCode.F,function()a:OpenClose()end)local j=b:Section("TP")_G.TpsavePMS=game.Players.LocalPlayer.Character.HumanoidRootPart.CFrame;j:AddButton("Save TP",function()_G.TpsavePMS=game.Players.LocalPlayer.Character.HumanoidRootPart.CFrame end)j:AddButton("Load TP",function()game.Players.LocalPlayer.Character.HumanoidRootPart.CFrame=_G.TpsavePMS end)j:AddButton("Pet Upgrade",function()game.Players.LocalPlayer.Character.HumanoidRootPart.CFrame=CFrame.new(-5.29156637,4.14936209,915.106323,0.574094772,2.21008136e-08,0.818788886,-9.23694099e-09,1,-2.05155875e-08,-0.818788886,4.21478763e-09,0.574094772)end)j:AddButton("Player Upgrade",function()game.Players.LocalPlayer.Character.HumanoidRootPart.CFrame=CFrame.new(7.18263483,4.14961147,638.363525,0.486438096,6.47709868e-08,0.873715043,-2.75288716e-08,1,-5.88062363e-08,-0.873715043,4.55320404e-09,0.486438096)end)j:AddButton("SPAWN",function()game.Players.LocalPlayer.Character.HumanoidRootPart.CFrame=CFrame.new(159.427643,4.12844181,265.002228,-0.996690691,7.06780101e-09,-0.0812876001,6.16562179e-09,1,1.13496181e-08,0.0812876001,1.08108695e-08,-0.996690691)end)j:AddButton("GRASS",function()game.Players.LocalPlayer.Character.HumanoidRootPart.CFrame=CFrame.new(61.7002831,4.12236929,681.095032,-0.999998689,1.32013493e-08,-0.0016245998,1.31580871e-08,1,2.66404285e-08,0.0016245998,2.66190163e-08,-0.999998689)end)j:AddButton("SNOW",function()game.Players.LocalPlayer.Character.HumanoidRootPart.CFrame=CFrame.new(47.6702805,4.12222433,916.519653,-0.999045491,-4.93837748e-10,0.043681521,-5.4763527e-10,1,-1.21961863e-09,-0.043681521,-1.24237598e-09,-0.999045491)end)j:AddButton("CANDY",function()game.Players.LocalPlayer.Character.HumanoidRootPart.CFrame=CFrame.new(45.2879333,4.03186941,1168.45264,-0.998790979,3.03579881e-08,-0.049158439,2.68983431e-08,1,7.10389259e-08,0.049158439,6.9630758e-08,-0.998790979)end)j:AddButton("LAVA",function()game.Players.LocalPlayer.Character.HumanoidRootPart.CFrame=CFrame.new(38.307354,4.09005737,1356.23633,-0.999457836,-1.54223194e-08,0.0329241157,-1.6740314e-08,1,-3.97556157e-08,-0.0329241157,-4.02852223e-08,-0.999457836)end)j:AddButton("OCEAN",function()game.Players.LocalPlayer.Character.HumanoidRootPart.CFrame=CFrame.new(2956.42139,14.3318624,424.753754,-0.997970402,2.70155223e-08,-0.0636797845,2.42133265e-08,1,4.47762041e-08,0.0636797845,4.31434266e-08,-0.997970402)end)j:AddButton("GRAVEYARD",function()game.Players.LocalPlayer.Character.HumanoidRootPart.CFrame=CFrame.new(2963.98755,14.3318624,669.601013,-0.999296069,1.81872988e-08,0.0375141278,1.87329192e-08,1,1.41928904e-08,-0.0375141278,1.48856492e-08,-0.999296069)end)j:AddButton("MOON",function()game.Players.LocalPlayer.Character.HumanoidRootPart.CFrame=CFrame.new(2953.80713,14.2318621,875.516357,-0.999222398,1.97816501e-08,0.0394280143,2.31854429e-08,1,8.58720028e-08,-0.0394280143,8.6719389e-08,-0.999222398)end)j:AddButton("DESERT",function()game.Players.LocalPlayer.Character.HumanoidRootPart.CFrame=CFrame.new(2947.20068,14.3846674,1083.60669,-0.999999464,-3.28085981e-09,-0.00101302937,-3.33021566e-09,1,4.87194463e-08,0.00101302937,4.87227965e-08,-0.999999464)end)j:AddButton("PIRATE",function()game.Players.LocalPlayer.Character.HumanoidRootPart.CFrame=CFrame.new(2978.81934,14.2397642,1262.00085,-0.999991298,1.27354625e-08,0.0041754269,1.31758569e-08,1,1.0544526e-07,-0.0041754269,1.05499353e-07,-0.999991298)end)game.Players.LocalPlayer:SetAttribute("Gamepass_Teleporter",true)game.Players.LocalPlayer:SetAttribute("Gamepass_VIP",true)game.Players.LocalPlayer:SetAttribute("Gamepass_AutoSlice",true)game.Players.LocalPlayer:SetAttribute("Gamepass_2XSpeed",true)game.Players.LocalPlayer:SetAttribute("Gamepass_x2Speed",true)game.Players.LocalPlayer:SetAttribute("Gamepass_QuickHatch",true)game.Players.LocalPlayer:SetAttribute("Gamepass_Hoverboard",true)game.Players.LocalPlayer:SetAttribute("Gamepass_VIP",true)game.Players.LocalPlayer:SetAttribute("Gamepass_x2Diamonds",true)game.Players.LocalPlayer:SetAttribute("Gamepass_x2Exp",true)game.Players.LocalPlayer:SetAttribute("Gamepass_BlackHole",true)game.Players.LocalPlayer:SetAttribute("Gamepass_Hatch3Eggs",true)game.Players.LocalPlayer:SetAttribute("Gamepass_SuperLuck",true)game.Players.LocalPlayer:SetAttribute("Gamepass_UltraLuck",true)game.Players.LocalPlayer:setAttribute("TwitterVerified",true)game.Players.LocalPlayer.ReadableData:SetAttribute("OwnsFeature_AutoDelete",true)game.Players.LocalPlayer.ReadableData:SetAttribute("OwnsFeature_DeleteChosenPets",true)function getNearestChest()nearest,dist=nil,99999;for k,l in pairs(game:GetService("Workspace").SlicableObjects:GetDescendants())do if l:FindFirstChild("ObjectOriginPart")then if not l:FindFirstChild("BossAttributes")then local m=game:GetService("Players").LocalPlayer;local n=m.Character;local o=n.HumanoidRootPart;local p=(o.Position-l.ObjectOriginPart.Position).magnitude;if p<dist then dist=p;nearest=l end end end end end;while wait()do if _G.WaitWaitWait then if _G.AutosellMS then local q=game:GetService("Workspace")[game.Players.LocalPlayer.Name].NearestSellArea.Value;if game:GetService("Workspace")[game.Players.LocalPlayer.Name].NearestSellArea.Value~=nil then if game:GetService("Workspace")[game.Players.LocalPlayer.Name]:FindFirstChild("ArrowsTarget")then if game:GetService("Workspace")[game.Players.LocalPlayer.Name]:FindFirstChild("ArrowsTarget").Enabled==true then local r=game.Players.LocalPlayer.Character.HumanoidRootPart.CFrame;game.Players.LocalPlayer.Character.HumanoidRootPart.CFrame=q.CFrame+Vector3.new(0,5,0)wait(.5)game.Players.LocalPlayer.Character.HumanoidRootPart.CFrame=r;wait()end end end end;if _G.TptoNearest then getNearestChest()if nearest~=nil then game.Players.LocalPlayer.Character.HumanoidRootPart.CFrame=nearest.ObjectOriginPart.CFrame;spawn(function()if _G.AutoSliceMS then local s=true;local t=game:GetService("ReplicatedStorage").Remotes.Game.AirSlice;t:FireServer(s)end end)end end;spawn(function()if _G.AutoSliceMS then local s=true;local t=game:GetService("ReplicatedStorage").Remotes.Game.AirSlice;t:FireServer(s)end end)if _G.AutoRebirthMS then local s=tonumber(_G.RebirthValue)local t=game:GetService("ReplicatedStorage").Remotes.Other.Rebirth;t:FireServer(s)end end end
