print("UI made by ShowerHeadFD / https://v3rmillion.net/member.php?action=profile&uid=1591342 ")local a=loadstring(game:HttpGet("https://fluxteam.xyz/scripts/others/ShowerHeadLibrary.lua"))()local b=a:CreateWindow("F")local c=b:Section("Menu")c:AddLabel("Script by MSDOS#8293")c:AddLabel("Select ONE ONLY AT TIME :")c:AddToggle("Activate script",function(d)if d==true then _G.Auto_Wey=true else _G.Auto_Wey=false end end)c:AddToggle("Auto Punch",function(e)if e==true then _G.PunchMS=true else _G.PunchMS=false end end)c:AddToggle("Auto Body",function(f)if f==true then _G.AutoBodyMS=true else _G.AutoBodyMS=false end end)c:AddToggle("Auto Power",function(g)if g==true then _G.PowerPshcMS=true else _G.PowerPshcMS=false end end)c:AddLabel("You can select ALL :")c:AddToggle("Auto Speed",function(h)if h==true then _G.SpeedMS=true else _G.SpeedMS=false end end)c:AddToggle("Auto Jump",function(i)if i==true then _G.AutoJumpSM=true else _G.AutoJumpSM=false end end)c:AddButton("Destroy GUI",function()pcall(function()a:Destroy()end)end)c:AddBind("Close Keybind",Enum.KeyCode.F,function()a:OpenClose()end)local j=b:Section("TP Train")j:AddButton("SAFE ZONE",function()pcall(function()game.Players.LocalPlayer.Character.HumanoidRootPart.CFrame=game:GetService("Workspace").Main.SafeZoneEffectPart.CFrame end)end)j:AddButton("10T/100B Body",function()pcall(function()game.Players.LocalPlayer.Character.HumanoidRootPart.CFrame=CFrame.new(-278.637299,286.637665,999.499512,1,9.92917535e-08,0.000236500593,-9.92964075e-08,1,1.96563406e-08,-0.000236500593,-1.9679824e-08,1)end)end)j:AddButton("1M Psychic",function()pcall(function()game.Players.LocalPlayer.Character.HumanoidRootPart.CFrame=CFrame.new(-2534.23975,5486.58203,-534.810974,-0.265353948,3.04742542e-08,-0.964151084,-1.5501497e-08,1,3.5873672e-08,0.964151084,2.44650042e-08,-0.265353948)end)end)j:AddButton("1B Psychic",function()pcall(function()game.Players.LocalPlayer.Character.HumanoidRootPart.CFrame=CFrame.new(-2565.98022,5501.17236,-441.133392,-0.336805969,1.02685455e-07,-0.941574097,3.18427027e-08,1,9.76669199e-08,0.941574097,2.91253754e-09,-0.336805969)end)end)j:AddButton("1T Psychic",function()pcall(function()game.Players.LocalPlayer.Character.HumanoidRootPart.CFrame=CFrame.new(-2587.41504,5519.77881,-504.718994,-0.336805969,-2.89384765e-08,-0.941574097,-9.17814802e-09,1,-2.74510761e-08,0.941574097,-6.03779804e-10,-0.336805969)end)end)j:AddButton("1Qa Psychic",function()pcall(function()game.Players.LocalPlayer.Character.HumanoidRootPart.CFrame=CFrame.new(-2543.89551,5412.43115,-496.022858,-0.733815253,-8.93523833e-08,-0.679349065,-2.95690796e-08,1,-9.9586714e-08,0.679349065,-5.29905257e-08,-0.733815253)end)end)j:AddButton("10T Punch",function()pcall(function()game.Players.LocalPlayer.Character.HumanoidRootPart.CFrame=CFrame.new(-367.493042,15735.2012,-10.1765451,0.985581696,2.61790554e-08,0.169200242,-2.5119288e-08,1,-8.403922e-09,-0.169200242,4.03256184e-09,0.985581696)end)end)j:AddButton("1B Punch",function()pcall(function()game.Players.LocalPlayer.Character.HumanoidRootPart.CFrame=CFrame.new(1176.27148,4789.34033,-2293.0625,-0.99999994,-3.80089595e-08,-0.000265813578,-3.80054246e-08,1,-1.33039304e-08,0.000265813578,-1.32938283e-08,-0.99999994)end)end)j:AddButton("100B Punch",function()pcall(function()game.Players.LocalPlayer.Character.HumanoidRootPart.CFrame=CFrame.new(1379.70154,9274.4043,1648.36926,-0.999997318,9.28243296e-08,0.00231981929,9.27056973e-08,1,-5.1247973e-08,-0.00231981929,-5.10327745e-08,-0.999997318)end)end)j:AddButton("1B Body",function()pcall(function()game.Players.LocalPlayer.Character.HumanoidRootPart.CFrame=CFrame.new(-250.57515,286.888062,979.104309,1,1.70304715e-09,5.64471735e-15,-1.70304715e-09,1,7.84628895e-09,-5.63135455e-15,-7.84628895e-09,1)end)end)j:AddButton("100K Body",function()pcall(function()game.Players.LocalPlayer.Character.HumanoidRootPart.CFrame=game:GetService("Workspace").Main.IceMountain.LightPart.CFrame end)end)j:AddButton("10M Body",function()pcall(function()game.Players.LocalPlayer.Character.HumanoidRootPart.CFrame=game:GetService("Workspace").Main.Volcano.Lava.LavaPart.CFrame end)end)j:AddButton("1M Body",function()pcall(function()game.Players.LocalPlayer.Character.HumanoidRootPart.CFrame=game:GetService("Workspace").Main.Tornado.Tornado.CFrame end)end)j:AddButton("10K Body",function()pcall(function()game.Players.LocalPlayer.Character.HumanoidRootPart.CFrame=game:GetService("Workspace").Main.FireBath.FirePart.CFrame end)end)local k=b:Section("TP NPC")k:AddButton("Sath",function()pcall(function()game.Players.LocalPlayer.Character.HumanoidRootPart.CFrame=CFrame.new(506.417725,250.186905,898.822266,0.22596772,3.57636565e-09,0.974134803,-1.89715657e-08,1,7.2946349e-10,-0.974134803,-1.86456983e-08,0.22596772)end)end)k:AddButton("Grim Reaper",function()pcall(function()game.Players.LocalPlayer.Character.HumanoidRootPart.CFrame=CFrame.new(-127.53035,249.184006,529.070251,-0.998381138,-1.0046147e-07,0.0568781905,-1.02182277e-07,1,-2.73459566e-08,-0.0568781905,-3.31136292e-08,-0.998381138)end)end)k:AddButton("Ghost Rider",function()pcall(function()game.Players.LocalPlayer.Character.HumanoidRootPart.CFrame=CFrame.new(159.403931,249.184067,1235.91028,0.0580172539,2.12384599e-09,0.998315573,-4.04124627e-08,1,2.21146532e-10,-0.998315573,-4.03572216e-08,0.0580172539)end)end)local l=b:Section("TP Rock")l:AddButton("Training Crystal",function()pcall(function()game.Players.LocalPlayer.Character.HumanoidRootPart.CFrame=game:GetService("Workspace").Main.TrainingCrystal.Part.CFrame end)end)l:AddButton("Training Rock",function()pcall(function()game.Players.LocalPlayer.Character.HumanoidRootPart.CFrame=game:GetService("Workspace").Main.TrainingRock.CFrame end)end)while wait()do pcall(function()if _G.Auto_Wey then if _G.PunchMS then local m={[1]="+FS1"}local n=game:GetService("ReplicatedStorage").RemoteEvent;n:FireServer(m)end;if _G.AutoBodyMS then local m={[1]="+BT1"}local n=game:GetService("ReplicatedStorage").RemoteEvent;n:FireServer(m)end;if _G.SpeedMS then local m={[1]="+MS1"}local n=game:GetService("ReplicatedStorage").RemoteEvent;n:FireServer(m)end;if _G.AutoJumpSM then local m={[1]="+JF1"}local n=game:GetService("ReplicatedStorage").RemoteEvent;n:FireServer(m)end;if _G.PowerPshcMS then local m={[1]="+PP1"}local n=game:GetService("ReplicatedStorage").RemoteEvent;n:FireServer(m)end end end)end
